#include <iostream>
#include <string>
#include <cstdlib>
#include <ctime>
#include <climits>
using namespace std;

//全局变量
int board[8][8] = { 0 }, tempBoard[10][8][8] = { 0 };
int blackcount = 2, whitecount = 2, tbcnt[10] = { 0 }, twcnt[10] = { 0 };//黑白棋子计数
int mycolor;
int maxDepth;
int start = clock();//记录程序运行的时间
static int delta[24][2] = { { 1,1 },{ 0,1 },{ -1,1 },{ -1,0 },{ -1,-1 },{ 0,-1 },{ 1,-1 },{ 1,0 },
{ 2,0 },{ 2,1 },{ 2,2 },{ 1,2 },{ 0,2 },{ -1,2 },{ -2,2 },{ -2,1 },
{ -2,0 },{ -2,-1 },{ -2,-2 },{ -1,-2 },{ 0,-2 },{ 1,-2 },{ 2,-2 },{ 2,-1 } };//采用数组加一层循环的方式去走棋步

double weightb[7][7] = {{1,0.965051,0.849347,0.803681,0.779659,0.789668,1, },
{ 0.965051,0.87366,0.835621,0.743914,0.715635,0.719026,0.789668, },
{ 0.849347,0.835621,0.788361,0.701912,0.677423,0.715635,0.779659, },
{ 0.803681,0.743914,0.701912,0.70752,0.701912,0.743914,0.803681, },
{ 0.779659,0.715635,0.677423,0.701912,0.788361,0.835621,0.849347, },
{ 0.789667,0.719026,0.715635,0.743914,0.835621,0.87366,0.965051, },
{ 1,0.789668,0.779659,0.803681,0.849347,0.965051,1, }};//权值表


double weightw[7][7] = { {1,0.789668,0.779659, 0.803681, 0.849347, 0.965051, 1,},
{ 0.789668,0.719026,0.715635,0.743914,0.835621,0.87366,0.965051,},
{0.788361,0.701912,0.677423,0.715635,0.779659,0.835621, 0.849347,},
{ 0.803681,0.743914,0.701912,0.70752,0.701912,0.743914,0.803681, },
{ 0.849347,0.835621,0.788361,0.701912,0.677423, 0.715635, 0.779659, },
{ 0.965051,0.87366, 0.835621,0.743914,0.715635,0.719026,0.789667, },
{ 1,0.965051,0.849347,0.803681, 0.779659,0.789668,1,} };

bool inMap(int x, int y)
{
	if (x < 0 || x > 6 || y < 0 || y > 6)
		return false;
	return true;
}
void cpy(int step)
{
	tbcnt[step] = blackcount;
	twcnt[step] = whitecount;
	for (int i = 0; i < 7; i++)
		for (int j = 0; j < 7; j++)
		{
			tempBoard[step][i][j] = board[i][j];//之前错点在于都没有用上step，数组必须多开一维才能够存储不同层的数据
		}
}

void recpy(int step)
{
	blackcount = tbcnt[step];
	whitecount = twcnt[step];
	for (int i = 0; i < 7; i++)
		for (int j = 0; j < 7; j++)
		{
			board[i][j] = tempBoard[step][i][j];
		}
}


bool oneCanMove(int x,int y)//具体的某一个棋是否可以移动
{
	for (int k = 0; k < 24; k++)
	{
		int tx = x + delta[k][0], ty = y + delta[k][1];
		if (!inMap(tx, ty)) continue;
		if (board[tx][ty] == 0) return 1;
	}
	return 0;
}

bool CanMove(int color)//某一个颜色的棋是否可以移动
{
	for (int i = 0; i < 7; i++)
	{
		for (int j = 0; j < 7; j++)
		{
			if (board[i][j]==color&&oneCanMove(i, j)) return 1;
		}
	}
	return 0;
}

bool JudgeEnd()//0则为结束，1则为未结束
{
	if (!CanMove(1) || !CanMove(-1)) return 0;
	//这里还有必要再遍历来数棋子个数吗？可否直接用blackcount和whitecount
	if (!blackcount || !whitecount) return 0;
	return 1;
}

bool JudgeWin()//不可能平局，49个格子
{
	if (blackcount > whitecount) return 1;
	else if (blackcount < whitecount) return 0;
}


void move(int m, int n, int x, int y, int mycolor)//是否要嵌套canmove函数，应该不用，保证输入的合法性
{
	int count = 0;

	board[m][n] = mycolor * (abs(m - x) <= 1 && abs(n - y) <= 1);//这样就把两种情况合并起来了
	board[x][y] = mycolor;
	for (int k = 0; k < 8; k++)//实现同化
	{
		int tx = x + delta[k][0], ty = y + delta[k][1];
		if (!inMap(tx, ty))
			continue;
		if (board[tx][ty] == -mycolor)
		{
			board[tx][ty] = mycolor;
			count++;
		}
	}


	//如果保证了输入的合法性，这里应该不会出现count==0的情况
	if (mycolor == 1)
	{
		blackcount += count;
		whitecount -= count;
	}
	else
	{
		blackcount -= count;
		whitecount += count;
	}
	return;
}

double Benefit(int color)//估价函数，评定某一棋局某种颜色棋子的价
{
	double win = 0;
	int cnt = 0;
	for(int i=0;i<7;i++)
		for (int j = 0; j < 7; j++)
		{
			if (board[i][j] == color)
			{
				if(color==1)
				win += weightb[i][j];
				else win += weightw[i][j];
				cnt++;
			}
		}

	//这里可以灵活加入一些判断
	if (cnt > 25) win += 20;
	return win;
}


double Search(int color, int depth, double alpha, double beta)
{
	if (depth == maxDepth)//这层到底要不要遍历？是depth+1吗
		return Benefit(color) - Benefit(-color);

	if (depth == maxDepth - 1 && maxDepth == 2)
		if (clock() - start >= CLOCKS_PER_SEC * 0.995)
			maxDepth = 1;
	if (depth == maxDepth - 1 && maxDepth == 3)
		if (clock() - start >= CLOCKS_PER_SEC * 0.95)
			maxDepth = 2;
	if (depth == maxDepth - 2 && maxDepth == 4)
		if (clock() - start >= CLOCKS_PER_SEC * 0.90)
			maxDepth = 3;
	if (depth == maxDepth - 2 && maxDepth >= 5)
		if (clock() - start >= CLOCKS_PER_SEC * 0.85)
			--maxDepth;

	//判断终局，最后一个棋要下的下去
	if (!CanMove(color))
	{
		//如果另一种也不能走的话
		if (CanMove(-color)) return Benefit(mycolor)-Benefit(-mycolor);//这里为什么是返回mycolor的估值呢，不应该是两个之差吗
		return Search(-color, depth + 1, alpha, beta);
	}

	double temp;
	if (color == mycolor)//max节点
	{
		alpha = INT_MIN;//这里一定不可以使用上一个节点的alpha否则
		for (int i = 0; i < 7; i++)
			for (int j = 0; j < 7; j++)//要遍历所有的位置找到最好的可能
			{
				if (board[i][j] == color)
				{
					for (int k = 0; k < 24; k++)
					{
						int tx = i + delta[k][0], ty = j + delta[k][1];
						if (!inMap(tx, ty)) continue;
						if (board[tx][ty] != 0) continue;
						cpy(depth);
						move(i, j, tx, ty, color);
						temp = Search(-color, depth + 1, alpha, beta);
						//unmove是由recpy实现的，因为只是影响了棋盘状态，所以把之前的棋盘copy过来就好啦
						recpy(depth);
						if (temp > alpha) alpha = temp;
						if (alpha >= beta)
						{
							return alpha;
						}

					}
				}
			}

		return alpha;
	}
	else if (color = -mycolor)//min节点
	{
		beta = INT_MAX;
		for (int i = 0; i < 7; i++)
			for (int j = 0; j < 7; j++)
			{
				if (board[i][j] == color)//这里是复制粘贴的想想有没有问题
				{
					for (int k = 0; k < 24; k++)
					{
						int tx = i + delta[k][0], ty = j + delta[k][1];
						if (!inMap(tx, ty)) continue;
						if (board[tx][ty] != 0) continue;
						cpy(depth);
						move(i, j, tx, ty, color);
						temp = Search(-color, depth + 1, alpha, beta);
						//unmove是由recpy实现的，因为只是影响了棋盘状态，所以把之前的棋盘copy过来就好啦
						recpy(depth);
						if (temp < beta) beta = temp;
						if (alpha >= beta)
						{
							return beta;
						}

					}
				}
			}
		return beta;
	}
}

//AI遍历整个棋盘找到最优的下法,同时兼有判断棋步是否合法的功能
void AIdecision(int color)
{
	double alpha = INT_MIN, beta = INT_MAX;
	double temp = 0.0;
	int bestm = 0, bestn = 0, bestx = 0, besty = 0;
	int i, j, k;
	for (i = 0; i < 7; i++)
		for (j = 0; j < 7; j++)
		{
			if (board[i][j] != color) continue;
			for (k = 0; k < 24; k++)
			{
				int tx = i + delta[k][0], ty = j + delta[k][1];
				if (!inMap(tx, ty)) continue;
				if (board[tx][ty] != 0) continue;

				cpy(0);
				move(i, j, tx, ty, color);
				temp=Search(-color, 1, alpha, beta);//这里返回的是min节点的值
				cpy(0);
				//if (temp == INT_MAX)
				//	goto flag;
				if (temp > alpha)
				{
					alpha = temp;
					bestm = i;
					bestn = j;
					bestx = tx;
					besty = ty;

				}
			}
		}

	move(bestm, bestn, bestx, besty, color);
	cout << bestm << " " << bestn << " " << bestx << " " << besty << endl;
	//cout << cnt1 << " " << cnt2 << " " << maxDepth << " " << clock() * 1.0 / CLOCKS_PER_SEC;
	return;
}



int main()
{//我还是采用0-6的方式，因为botzone上是这样的，如果玩家输入的话就--；
	//初始化棋盘
	
	board[0][0] = board[6][6] = 1;//black
	board[0][6] = board[6][0] = -1;//white
	
	int round = 0;	
	cin >> round;
	if (round <= 6)
		maxDepth = 3;//前几局可以不搜那么深？？？局部最优解

	int m, n, x, y;
	mycolor = -1;//如果输入的是-1则转变为黑方，否则为白方
	for (int i = 0; i < round-1; i++)// 根据这些输入输出逐渐恢复状态到当前回合
	{
		cin >> m >> n >> x >> y;
		if (x >= 0)
			move(m, n, x, y, -mycolor);// 模拟对方落子，反正永远是黑棋（1）先走
		else mycolor = 1;
		cin >> m >> n >> x >> y;
		if (x >= 0)
			move(m, n, x, y, mycolor);// 模拟我方落子
	}

	//本回合输入
	cin >> m >> n >> x >> y;
	if (x >= 0)
		move(m, n, x, y, -mycolor);// 模拟对方落子
	else mycolor = 1;

	//36个子之前用5步搜索
	if (blackcount + whitecount <= 20)
		maxDepth = 4;

	//44个子之后用8步搜索
	else if (blackcount + whitecount >= 44)
		maxDepth = 8;

	else maxDepth = 6;

	if (mycolor == 1)//我拿黑子
	{
		AIdecision(1);
	}
	else if (mycolor == -1)//我拿白子
	{
		AIdecision(-1);
	}
	int End = clock();
	cout << End - start;
	return 0;
}
